# case 1
CUBE (0.0,0.5,0.0)	(1.0,1.0,1.0) (0.0,0.0,0.0) 1.0 0.0 0.0
CUBE (0.0,-1.1,0.0) (1.0,1.0,1.0) (0.0,0.0,0.0) 0.0 0.0 0.0

# case 2
CUBE (3.0,0.5,0.0)	(1.0,1.0,1.0) (0.0,45.0,0.0) 1.0 0.0 0.0
CUBE (3.0,-1.1,0.0) (1.0,1.0,1.0) (0.0,0.0,0.0) 0.0 0.0 0.0

# case 3
CUBE (6.0,0.5,0.0)	(1.0,1.0,1.0) (0.0,0.0,45.0) 1.0 0.0 0.0
CUBE (6.0,-1.1,0.0) (1.0,1.0,1.0) (0.0,0.0,0.0) 0.0 0.0 0.0

# case 4
CUBE (9.0,0.5,0.0)	(1.0,1.0,1.0) (45.0,0.0,35.264) 1.0 0.0 0.0
CUBE (9.0,-1.1,0.0) (1.0,1.0,1.0) (0.0,0.0,0.0) 0.0 0.0 0.0

#case 5
CUBE (12.0,0.5,0.0)	(1.0,1.0,1.0) (45.0,0.0,0.0) 1.0 0.0 0.0
CUBE (12.0,-1.1,0.0) (1.0,1.0,1.0) (0.0,0.0,45.0) 0.0 0.0 0.0

CAMERA (6.0,0.0,10.0) (0.0,0.0,-1.0) (0.0,1.0,0.0)

PHYSICS (0.0,-3.0,0.0)
