# random
CUBE	(0.3,1.2,-1.0)	(1.0,1.0,1.0) (30.0,38.0,2.0) 1.0 0.2 0.5
CUBE	(-0.3,3.5,-2.30)	(1.0,1.0,1.0) (-2.0,31.0,28.0) 1.0 0.2 0.5
CUBE	(1.3,4.1,-3.20)	(1.0,1.0,1.0) (-54.0,43.0,16.0) 1.0 0.2 0.5
CUBE	(2.0,4.65,-3.50)	(1.0,1.0,1.0) (35.0,25.0,75.0) 1.0 0.2 0.5
CUBE	(1.5,2.1,-1.41)	(1.0,1.0,1.0) (-51.0,35.0,83.0) 1.0 0.2 0.5
CUBE	(0.35,2.37,-3.1)	(1.0,1.0,1.0) (73.0,8.0,25.0) 1.0 0.2 0.5
CUBE	(1.8,5.8,-3.3)	(1.0,1.0,1.0) (82.0,86.0,42.0) 1.0 0.2 0.5
CUBE	(-1.6,2.9,-2.1)	(1.0,1.0,1.0) (14.0,76.0,17.0) 1.0 0.2 0.5
CUBE	(1.3,3.7,-3.9)	(1.0,1.0,1.0) (63.0,8.0,82.0) 1.0 0.2 0.5
CUBE	(-0.8,5.7,-3.9)	(1.0,1.0,1.0) (26.0,77.0,31.0) 1.0 0.2 0.5
CUBE	(-1.9,1.3,-2.6)	(1.0,1.0,1.0) (79.0,51.0,38.0) 1.0 0.2 0.5
CUBE	(1.8,6.6,-1.2)	(1.0,1.0,1.0) (66.0,37.0,79.0) 1.0 0.2 0.5
CUBE	(2.7,2.7,-1.2)	(1.0,1.0,1.0) (61.0,87.0,57.0) 1.0 0.2 0.5


# floor
CUBE	(0.0,-2.2,-1.0)	(20.0,1.0,20.0) (0.0,0.0,0.0) 0.0 1.0 1.0

CAMERA (0.0,2.0,10.0) (0.0,0.0,-1.0) (0.0,1.0,0.0)

PHYSICS (0.0,-10.0, 0.0)
