# random
CUBE	(2.0,-0.7.0,-1.0)	(1.0,1.5,0.1) (0.0,0.0,0.0) 1.0 0.0 1.0
CUBE	(2.0,-0.7.0,-2.0)	(1.0,1.5,0.1) (0.0,0.0,0.0) 1.0 0.0 1.0
CUBE	(2.0,-0.7.0,-3.0)	(1.0,1.5,0.1) (0.0,0.0,0.0) 1.0 0.0 1.0


CUBE	(1.88,-0.7.0,-3.5)	(1.0,1.5,0.1) (0.0,30.0,0.0) 1.0 0.0 1.0
CUBE	(1.5,-0.7.0,-4.0)	(1.0,1.5,0.1) (0.0,60.0,0.0) 1.0 0.0 1.0
CUBE	(0.8,-0.7.0,-4.5)	(1.0,1.5,0.1) (0.0,60.0,0.0) 1.0 0.0 1.0
CUBE	(0.0,-0.7.0,-5.0)	(1.0,1.5,0.1) (0.0,90.0,0.0) 1.0 0.0 1.0
CUBE	(-0.8,-0.7.0,-4.5)	(1.0,1.5,0.1) (0.0,-60.0,0.0) 1.0 0.0 1.0
CUBE	(-1.5,-0.7.0,-4.0)	(1.0,1.5,0.1) (0.0,-60.0,0.0) 1.0 0.0 1.0
CUBE	(-1.88,-0.7.0,-3.5)	(1.0,1.5,0.1) (0.0,-30.0,0.0) 1.0 0.0 1.0


CUBE	(-2.0,-0.7.0,-1.0)	(1.0,1.5,0.1) (0.0,180.0,0.0) 1.0 0.0 1.0
CUBE	(-2.0,-0.7.0,-2.0)	(1.0,1.5,0.1) (0.0,180.0,0.0) 1.0 0.0 1.0
CUBE	(-2.0,-0.7.0,-3.0)	(1.0,1.5,0.1) (0.0,180.0,0.0) 1.0 0.0 1.0


# floor
CUBE	(0.0,-2.2,-1.0)	(20.0,1.0,20.0) (0.0,0.0,0.0) 0.0 0.0 1.0

CAMERA (0.0,2.0,10.0) (0.0,0.0,-1.0) (0.0,1.0,0.0)

PHYSICS (0.0,-10.0, 0.0)
